city,country,lat,lng,max_temp,humidity,cloudiness,wind_speed,date
rikitea,pf,-23.12,-134.97,73.292,89,89,6.99,1596555059
nikolskoye,ru,59.7,30.79,69.8,77,20,2.0,1596555079
atuona,pf,-9.8,-139.03,78.27800000000006,70,1,8.81,1596555077
punta arenas,cl,-53.15,-70.92,42.8,52,75,7.7,1596555073
bontang,id,0.13,117.5,77.342,88,100,1.97,1596555020
urusha,ru,54.05,122.9,55.13000000000004,97,100,1.52,1596555140
jamestown,sh,42.1,-79.24,66.99199999999999,93,75,1.5,1596555058
birjand,ir,32.87,59.22,84.2,17,0,9.3,1596555140
nioaque,br,-21.14,-55.83,90.12200000000004,19,0,3.66,1596555140
new norfolk,au,-42.78,147.06,46.004000000000055,72,100,2.68,1596555070
souillac,mu,-20.52,57.52,66.2,82,75,7.2,1596555060
matay,eg,28.42,30.78,104.07200000000003,14,0,6.43,1596555141
fortuna,us,40.6,-124.16,60.008,96,100,0.45,1596555095
yellowknife,ca,62.46,-114.35,64.99400000000007,72,20,9.3,1596555040
raudeberg,no,61.99,5.14,57.2,87,75,8.7,1596555141
olafsvik,is,64.89,-23.71,48.668000000000085,92,100,2.83,1596555119
dickinson,us,29.46,-95.05,86.0,69,75,3.6,1596555141
mataura,pf,-46.19,168.86,44.83399999999999,94,100,0.78,1596555065
miri,my,4.41,114.01,82.4,83,40,2.6,1596555142
busselton,au,-33.65,115.33,53.00600000000003,75,28,6.48,1596555057
merauke,id,-8.47,140.33,75.83000000000004,86,82,5.62,1596555142
ushuaia,ar,-54.8,-68.3,48.2,42,75,6.2,1596555013
mar del plata,ar,-38.0,-57.56,68.0,64,69,4.6,1596554842
castro,cl,-24.79,-50.01,69.51200000000006,44,0,1.92,1596555066
cabo san lucas,mx,22.89,-109.91,91.99400000000007,46,5,3.64,1596555094
comodoro rivadavia,ar,-45.87,-67.5,51.8,50,0,7.2,1596554929
penha,br,-26.77,-48.65,71.99600000000005,68,40,3.1,1596555143
tasiilaq,gl,65.61,-37.64,46.4,87,20,3.1,1596555058
bredasdorp,za,-34.53,20.04,53.6,62,62,4.6,1596555083
chokurdakh,ru,70.63,147.92,42.65600000000003,83,63,3.38,1596555109
bandar-e lengeh,ir,26.56,54.88,95.0,71,0,4.1,1596555144
guerrero negro,mx,27.98,-114.06,76.22600000000008,59,4,3.77,1596555144
thompson,ca,55.74,-97.86,71.6,64,20,3.1,1596554910
cockburn town,bs,21.46,-71.14,83.03000000000004,80,0,6.77,1596555092
berbera,so,10.44,45.01,92.04800000000003,44,30,5.89,1596555145
albany,au,42.6,-73.97,69.99800000000002,91,100,2.68,1596555059
kruisfontein,za,-34.0,24.73,55.004000000000055,75,100,0.89,1596555067
lembeni,tz,-3.78,37.62,73.56200000000005,47,66,4.95,1596555145
hermanus,za,-34.42,19.23,51.998000000000026,72,74,0.45,1596555061
lorengau,pg,-2.02,147.27,81.12200000000004,84,100,7.15,1596555117
provideniya,ru,64.38,-173.3,46.04000000000002,76,6,0.44,1596555067
clyde river,ca,70.47,-68.59,42.8,93,90,4.1,1596555055
georgetown,sh,5.41,100.34,86.0,79,20,1.5,1596555064
letterkenny,ie,54.95,-7.73,66.2,88,40,11.3,1596555147
bodinayakkanur,in,10.02,77.35,76.51400000000004,68,100,5.15,1596555147
dikson,ru,73.51,80.55,48.092,82,39,7.59,1596555063
ahipara,nz,-35.17,173.17,52.538000000000046,89,81,0.64,1596555082
rodniki,ru,57.11,41.73,68.07200000000003,69,63,1.32,1596555148
buta,cd,2.79,24.73,74.89400000000008,87,92,0.63,1596555148
lamar,us,33.67,-95.58,82.00400000000005,50,20,3.6,1596555148
kaitangata,nz,-46.28,169.85,48.992,83,100,2.48,1596555071
saldanha,za,-33.01,17.94,55.4,58,23,7.7,1596555079
wairoa,nz,-39.03,177.37,41.0,87,29,1.79,1596555149
vaini,to,-21.2,-175.2,66.2,88,20,2.1,1596555057
upernavik,gl,72.79,-56.15,41.432000000000016,67,28,1.8,1596555079
padang,id,-0.95,100.35,79.41200000000006,66,100,1.56,1596555149
dilla,et,6.41,38.31,59.702000000000076,87,100,0.38,1596555149
severo-kurilsk,ru,50.68,156.12,51.51200000000006,82,79,2.35,1596555150
ampanihy,mg,-24.7,44.75,66.45200000000008,52,0,3.24,1596555150
tiksi,ru,71.69,128.87,40.694000000000074,83,0,2.37,1596555093
lethem,gy,3.38,-59.8,85.658,67,15,0.8,1596555150
vao,nc,-22.67,167.48,67.58600000000007,65,100,3.68,1596555101
bambous virieux,mu,-20.34,57.76,66.99199999999999,82,75,7.2,1596555066
harnosand,se,62.63,17.94,68.0,45,100,5.1,1596554884
san patricio,mx,19.22,-104.7,87.8,66,75,1.09,1596555118
butaritari,ki,3.07,172.79,82.58000000000004,75,35,7.09,1596555086
sao marcos,br,-28.97,-51.07,75.99199999999999,45,0,3.58,1596555151
east london,za,-33.02,27.91,60.8,67,20,11.3,1596555068
katsuura,jp,35.13,140.3,80.00600000000003,89,2,2.49,1596555111
sorland,no,67.67,12.69,53.6,93,75,5.7,1596555152
bourges,fr,47.25,2.42,77.0,29,0,2.1,1596555152
cape town,za,-33.93,18.42,55.004000000000055,54,20,8.2,1596554924
moss vale,au,-34.55,150.38,48.00200000000008,52,0,3.6,1596555152
constitucion,mx,-35.33,-72.42,60.530000000000044,68,26,1.91,1596555061
kontagora,ng,10.4,5.47,77.88200000000002,84,65,2.77,1596555153
naze,jp,28.37,129.48,82.4,83,40,2.1,1596555077
bluff,nz,-46.6,168.33,47.714000000000034,83,100,1.5,1596555058
lander,us,42.83,-108.73,71.99600000000005,43,1,2.56,1596555153
port alfred,za,-33.59,26.89,59.05400000000005,64,73,13.45,1596555066
norman wells,ca,65.28,-126.83,60.8,93,90,5.1,1596555088
dunedin,nz,-45.87,170.5,51.008,84,76,1.78,1596554886
kodiak,us,57.79,-152.41,55.4,87,90,7.7,1596555064
airai,pw,-8.93,125.41,53.978000000000065,100,79,0.46,1596555075
livadiya,ru,42.87,132.68,69.17000000000006,93,90,2.42,1596555154
puerto carreno,co,6.19,-67.49,82.4,74,40,3.1,1596555155
malanje,ao,-9.54,16.34,84.2,74,75,2.6,1596555155
sitka,us,57.05,-135.33,57.2,87,90,3.6,1596554904
angoche,mz,-16.23,39.91,72.28399999999999,75,9,2.96,1596555155
saint-louis,sn,16.33,-15.0,95.0,56,75,3.1,1596555156
mahon,es,39.89,4.27,77.0,53,40,3.1,1596555156
panaba,mx,21.28,-88.27,88.86200000000005,59,80,1.8,1596555156
lebu,cl,-37.62,-73.65,53.18600000000007,88,46,1.06,1596555102
bosconia,co,9.97,-73.88,85.56800000000008,71,100,1.13,1596555157
vanavara,ru,60.34,102.28,57.2,89,100,1.84,1596555157
barcelos,br,41.54,-8.62,89.00600000000003,54,96,5.7,1596555095
barrow,us,71.29,-156.79,39.2,86,90,2.6,1596555076
pa daet,th,19.5,99.99,77.0,100,40,1.0,1596555158
togur,ru,58.36,82.83,64.67000000000006,72,18,2.82,1596555158
gazli,uz,40.13,63.45,89.816,15,0,4.65,1596555158
sudzha,ru,51.2,35.27,72.46400000000003,60,48,2.13,1596555158
pacific grove,us,36.62,-121.92,59.0,94,64,2.66,1596555159
avarua,ck,-21.21,-159.78,71.6,83,87,5.1,1596555090
bethel,us,41.37,-73.41,77.0,88,40,4.6,1596554937
chuy,uy,-33.7,-53.46,70.25,70,0,3.4,1596555099
pevek,ru,69.7,170.31,33.63800000000005,97,99,5.71,1596555097
hambantota,lk,6.12,81.12,78.8,100,75,3.1,1596555159
staryy nadym,ru,65.61,72.68,65.48000000000005,51,98,3.78,1596555160
songea,tz,-10.68,35.65,73.4,46,40,2.1,1596555160
khipro,pk,25.83,69.38,95.28800000000004,53,75,8.63,1596555160
hobart,au,-42.88,147.33,46.4,75,90,11.8,1596554909
lafiagi,ng,8.87,5.42,82.79600000000005,70,72,1.0,1596555098
college,us,64.86,-147.8,55.4,93,75,0.88,1596555088
bathsheba,bb,13.22,-59.52,87.8,62,20,9.3,1596555161
sabha,ly,27.04,14.43,104.39600000000004,8,0,5.21,1596555110
rawson,ar,-43.3,-65.1,53.258,43,0,4.88,1596555161
canico,pt,32.63,-16.85,77.0,73,20,3.1,1596555162
qaanaaq,gl,77.48,-69.36,32.81000000000008,86,98,3.89,1596555063
itoman,jp,26.12,127.67,84.2,83,75,4.1,1596555162
puerto ayora,ec,-0.74,-90.35,73.4,73,40,8.7,1596555054
bam,ir,29.11,58.36,90.62600000000009,12,0,5.82,1596555162
hobyo,so,5.35,48.53,80.76200000000006,71,100,12.63,1596555162
hovd,mn,48.01,91.64,66.27200000000003,49,100,0.57,1596555102
victoria,sc,22.29,114.16,82.00400000000005,88,20,2.6,1596555035
akyab,mm,20.15,92.9,82.92200000000004,85,100,8.66,1596555163
rudbar,af,30.15,62.6,95.14400000000008,10,0,10.59,1596555068
kapaa,us,22.08,-159.32,77.0,83,90,7.2,1596554821
puerto rondon,co,6.28,-71.1,84.59600000000005,70,51,3.25,1596555164
finschhafen,pg,-6.6,147.87,79.016,81,100,2.61,1596555062
dali,cn,25.7,100.18,65.75,83,85,1.33,1596555165
ulladulla,au,-35.35,150.47,46.004000000000055,52,0,3.6,1596555063
geraldton,ca,-28.77,114.6,55.4,93,40,2.1,1596555165
gazanjyk,tm,39.24,55.52,87.58399999999999,19,0,5.29,1596555165
karratha,au,-20.74,116.85,65.13800000000005,37,6,5.79,1596555165
ribeira grande,pt,38.52,-28.7,75.2,88,75,4.1,1596555055
zhigansk,ru,66.77,123.37,56.516000000000005,56,80,4.94,1596555166
okhotsk,ru,59.38,143.3,56.768000000000086,85,100,2.54,1596555166
tiarei,pf,-17.53,-149.33,73.4,83,20,1.0,1596555166
goure,ne,13.98,10.27,85.80200000000008,53,81,7.94,1596555166
summerville,us,33.02,-80.18,84.00200000000008,74,6,1.39,1596554975
pouebo,nc,-20.4,164.57,65.62400000000001,69,53,1.55,1596555167
esperance,au,-33.87,121.9,50.0,100,90,2.1,1596555045
inongo,cd,-1.95,18.27,77.36000000000008,63,20,0.55,1596555167
dingle,ie,11.0,122.67,77.39600000000004,91,100,2.48,1596555167
ilulissat,gl,69.22,-51.1,44.6,70,75,3.1,1596555110
hirara,jp,24.8,125.28,84.57800000000006,81,100,7.83,1596555111
bandarbeyla,so,9.49,50.81,85.01000000000008,51,26,11.32,1596555168
katobu,id,-4.94,122.53,72.77000000000007,90,44,1.56,1596555168
komsomolskiy,ru,40.43,71.72,86.0,37,6,2.1,1596555118
arraial do cabo,br,-22.97,-42.03,77.0,57,20,9.3,1596555092
pisco,pe,-13.7,-76.22,62.6,77,90,2.1,1596555106
ryotsu,jp,38.08,138.43,73.4,94,81,0.5,1596555169
haines junction,ca,60.75,-137.51,51.42200000000004,68,16,0.66,1596555169
yerbogachen,ru,61.28,108.01,61.32200000000004,70,45,3.87,1596555169
suntar,ru,62.14,117.63,60.13399999999999,62,100,1.88,1596555169
hilo,us,19.73,-155.09,71.6,64,1,3.1,1596555008
jalu,ly,29.03,21.55,102.12800000000007,14,0,5.61,1596555170
kiunga,pg,-6.12,141.29,72.46400000000003,98,77,1.0,1596555170
hay river,ca,60.82,-115.8,62.6,63,75,6.7,1596555117
tomatlan,mx,19.93,-105.25,90.37400000000001,60,67,0.52,1596555170
babu,cn,24.42,111.52,77.97200000000004,85,0,0.86,1596555171
pangnirtung,ca,66.15,-65.71,48.2,93,75,5.1,1596555110
ati,td,13.22,18.34,86.66600000000001,55,58,4.37,1596555171
sao filipe,cv,14.9,-24.5,76.442,80,8,3.27,1596555171
khatanga,ru,71.97,102.5,66.27200000000003,59,100,3.06,1596555172
bengkulu,id,-3.8,102.27,73.79600000000005,91,100,4.62,1596555088
hailar,cn,49.2,119.7,59.75600000000003,96,100,3.1,1596555172
destin,us,30.39,-86.5,89.6,52,1,1.5,1596555172
pergamino,ar,-33.89,-60.57,77.0,46,0,2.68,1596555172
coahuayana,mx,18.73,-103.68,77.0,78,75,0.83,1596555172
saint-augustin,ca,51.23,-58.65,64.83200000000002,60,80,4.49,1596555173
te anau,nz,-45.42,167.72,45.57200000000004,90,100,1.11,1596555173
saskylakh,ru,71.92,114.08,66.7760000000001,49,29,3.2,1596555061
port elizabeth,za,-33.92,25.57,53.6,87,75,9.8,1596555072
whitehorse,ca,60.72,-135.05,51.8,66,20,4.1,1596555168
calatayud,es,41.35,-1.64,84.2,50,0,4.1,1596555174
lasa,cn,46.62,10.7,66.00200000000008,66,75,6.7,1596555174
henties bay,na,-22.12,14.28,62.00600000000003,82,0,6.3,1596555174
cherskiy,ru,68.75,161.3,41.233999999999995,93,100,5.11,1596555068
ponta delgada,pt,37.73,-25.67,75.2,73,75,4.1,1596555174
cidreira,br,-30.18,-50.21,67.02800000000006,64,0,4.27,1596555174
poum,nc,-20.23,164.02,69.72800000000007,66,93,2.25,1596555175
saint-philippe,re,-21.36,55.77,68.0,77,40,9.8,1596555096
ancud,cl,-41.87,-73.82,46.99400000000007,100,90,2.6,1596555175
murupara,nz,-38.47,176.7,44.00600000000003,99,43,1.34,1596555175
vigrestad,no,58.57,5.7,62.00600000000003,74,63,0.89,1596555175
singleton,au,-32.57,151.18,50.0,59,0,1.79,1596555176
kraskino,ru,42.71,130.78,68.05400000000006,95,86,1.06,1596555176
verkhoyansk,ru,67.54,133.38,48.38000000000004,69,0,1.24,1596555176
kavaratti,in,10.57,72.64,82.63399999999999,80,100,11.67,1596555176
salalah,om,17.02,54.09,82.4,78,40,0.5,1596555114
iqaluit,ca,63.75,-68.51,51.8,93,75,2.1,1596555012
leningradskiy,ru,69.38,178.42,37.544000000000075,93,100,6.59,1596555177
antalaha,mg,-14.9,50.28,69.29600000000005,77,10,5.07,1596555177
takapau,nz,-40.03,176.35,39.00200000000008,94,58,0.45,1596555177
fare,pf,-16.7,-151.02,77.93600000000006,75,34,5.67,1596555178
srednekolymsk,ru,67.45,153.68,48.110000000000085,74,100,2.54,1596555082
bull savanna,jm,17.89,-77.59,84.45200000000008,69,100,6.31,1596555178
sao joao da barra,br,-21.64,-41.05,75.2,57,75,3.1,1596555065
misratah,ly,32.38,15.09,91.70600000000003,38,0,4.58,1596555111
sharjah,ae,25.36,55.4,98.6,60,61,3.6,1596555019
okha,ru,53.57,142.95,51.96200000000006,89,100,4.1,1596555179
huanren,cn,41.26,125.37,69.96200000000006,93,64,2.25,1596555179
general pico,ar,-35.66,-63.76,68.01800000000009,63,100,2.84,1596555065
shakiso,et,5.75,38.92,56.714000000000034,93,100,1.51,1596555179
los llanos de aridane,es,28.66,-17.92,80.6,61,2,6.7,1596555179
sevnica,si,46.01,15.32,71.6,64,75,3.6,1596555180
kiyevskoye,ru,45.04,37.89,87.8,25,0,7.0,1596555180
saint george,bm,37.1,-113.58,82.00400000000005,15,1,2.1,1596554861
pacifica,us,37.61,-122.49,62.00600000000003,77,75,3.1,1596555015
malinyi,tz,-8.93,36.13,77.64800000000002,51,53,1.19,1596555180
morecambe,gb,54.07,-2.86,64.4,82,75,10.3,1596555180
kahului,us,20.89,-156.47,77.0,65,90,4.6,1596555084
ketchikan,us,55.34,-131.65,57.2,100,90,9.3,1596555097
fuyu,cn,45.18,124.82,69.40400000000005,67,6,1.58,1596555181
awbari,ly,26.59,12.78,103.82000000000006,7,0,5.89,1596555181
cervo,es,43.67,-7.41,78.00800000000001,47,1,4.92,1596555181
shimoda,jp,34.67,138.95,73.99400000000007,88,2,1.62,1596555181
atar,mr,20.52,-13.05,102.47000000000006,27,30,6.69,1596555182
donskoye,ru,45.46,41.97,82.00400000000005,24,0,5.0,1596555182
aransas pass,us,27.91,-97.15,86.0,79,1,0.91,1596555182
katakwi,ug,1.89,33.97,68.9,83,96,3.08,1596555182
vila franca do campo,pt,37.72,-25.43,75.2,73,75,4.1,1596555114
codrington,ag,-38.27,141.97,46.148000000000025,75,35,7.07,1596555107
barranca,pe,-10.75,-77.77,63.338000000000044,69,77,3.45,1596555183
mnogovershinnyy,ru,53.94,139.92,45.806000000000026,99,91,1.71,1596555183
yulara,au,-25.24,130.99,64.4,20,91,2.1,1596555079
cayenne,gf,4.93,-52.33,89.6,55,40,2.6,1596555136
klaksvik,fo,62.23,-6.59,53.6,93,100,6.7,1596555184
manaure,co,11.78,-72.44,90.08600000000007,57,70,3.08,1596555184
adrar,dz,20.5,-10.07,103.17200000000004,26,50,6.75,1596555076
necochea,ar,-38.55,-58.74,69.99800000000002,69,89,4.92,1596555184
tuktoyaktuk,ca,69.45,-133.04,50.0,93,90,4.6,1596555060
praia da vitoria,pt,38.73,-27.07,84.2,66,40,7.14,1596555071
pasuruan,id,-7.65,112.91,77.36000000000008,76,71,1.7,1596555185
anadyr,ru,64.75,177.48,42.8,93,93,2.0,1596555185
fairbanks,us,64.84,-147.72,55.4,100,90,2.1,1596555057
khasan,ru,42.43,130.64,68.16200000000006,94,100,2.44,1596555185
pilar,ph,-9.6,-35.96,80.6,61,40,6.7,1596555186
chepareria,ke,1.31,35.2,62.312000000000054,85,50,0.59,1596555186
namanyere,tz,-7.52,31.05,67.11800000000008,47,0,0.16,1596555186
balanacan,ph,13.53,121.87,82.43600000000006,81,100,4.03,1596555186
ponta do sol,pt,32.67,-17.1,75.99199999999999,64,1,0.4,1596555186
mount isa,au,-20.73,139.5,51.8,40,0,2.92,1596554985
novobirilyussy,ru,56.95,90.67,64.63399999999999,62,52,2.53,1596555187
nizwa,om,22.93,57.53,103.208,21,100,3.02,1596555187
nalut,ly,30.33,10.85,104.82800000000006,7,0,2.72,1596555187
punto fijo,ve,11.7,-70.2,88.46600000000001,56,0,3.92,1596555022
manjacaze,mz,-24.71,33.88,68.86400000000003,41,0,1.74,1596555188
tungor,ru,53.38,142.96,50.72000000000006,91,92,3.72,1596555188
carlos chagas,br,-17.7,-40.77,75.434,54,54,4.37,1596555188
puerto ayacucho,ve,5.66,-67.62,82.4,74,40,3.1,1596555188
igarka,ru,67.47,86.58,65.174,87,98,2.72,1596555188
yeppoon,au,-23.13,150.73,62.6,88,11,1.5,1596555189
batagay-alyta,ru,67.8,130.41,47.87600000000009,78,1,1.03,1596555189
carnarvon,au,-24.87,113.63,62.6,82,1,6.2,1596555189
seddon,nz,-37.81,144.89,44.99600000000005,86,90,8.7,1596555189
auki,sb,-8.77,160.7,77.684,86,3,1.84,1596555189
pemangkat,id,1.17,108.97,81.5,80,100,1.89,1596555189
northam,au,51.03,-4.22,66.99199999999999,80,98,5.81,1596555085
zhangye,cn,38.93,100.45,77.12600000000009,51,17,3.39,1596555190
waingapu,id,-9.66,120.26,71.97800000000007,84,58,2.84,1596555190
freeport,bs,40.66,-73.58,78.99800000000002,88,90,10.3,1596555050
cap malheureux,mu,-19.98,57.61,66.99199999999999,72,81,4.47,1596555191
nurota,uz,40.56,65.69,93.2,14,0,2.1,1596555191
shingu,jp,33.73,135.98,74.39000000000001,82,7,2.07,1596555191
aklavik,ca,68.22,-135.01,48.2,100,90,5.7,1596555191
ulaangom,mn,49.98,92.07,62.168000000000085,58,31,1.01,1596555191
shihezi,cn,44.3,86.03,80.85200000000007,30,73,1.83,1596555192
moussoro,td,13.64,16.49,87.44000000000003,54,77,5.09,1596555192
mahebourg,mu,-20.41,57.7,66.2,82,75,7.2,1596555056
yenagoa,ng,4.92,6.26,81.392,66,76,3.83,1596555192
marandahalli,in,12.4,78.0,78.00800000000001,63,100,8.8,1596555192
torbay,ca,47.67,-52.73,73.99400000000007,83,75,7.7,1596554785
teya,ru,60.38,92.63,61.088000000000044,65,62,1.32,1596555193
bonthe,sl,7.53,-12.51,79.73600000000008,68,91,5.31,1596555193
fort nelson,ca,58.81,-122.7,59.0,72,20,3.1,1596555193
araouane,ml,18.9,-3.53,104.88200000000002,23,49,5.67,1596555193
saint-georges,gf,12.06,-61.75,83.82200000000003,73,34,5.33,1596555193
silifke,tr,36.38,33.93,90.57200000000003,34,0,2.56,1596555194
storsteinnes,no,69.24,19.23,57.2,93,75,1.5,1596555194
sao jose da coroa grande,br,-8.9,-35.15,78.44000000000003,67,63,6.14,1596555194
sorong,id,-0.88,131.25,79.32200000000003,86,92,4.95,1596555093
san cristobal,ec,7.77,-72.22,86.0,51,20,10.3,1596554917
qaqortoq,gl,60.72,-46.03,53.6,66,75,2.6,1596555195
krasnoborsk,ru,61.56,45.93,65.35400000000006,88,9,2.01,1596555195
egvekinot,ru,66.32,-179.17,41.82800000000007,89,28,4.28,1596555195
marsh harbour,bs,26.54,-77.06,84.29000000000002,77,100,5.44,1596555196
biharamulo,tz,-2.63,31.31,74.04800000000003,38,68,0.95,1596555196
luwuk,id,-0.95,122.79,76.82000000000006,79,100,2.23,1596555196
narsaq,gl,60.92,-46.05,53.6,66,75,2.6,1596555096
puerto narino,co,-3.77,-70.38,87.8,66,25,1.0,1596555196
ganzhou,cn,28.82,115.43,83.76800000000009,74,5,0.87,1596555197
montrose,us,38.42,-108.27,80.00600000000003,31,1,4.51,1596555197
yumen,cn,40.28,97.2,74.44400000000007,29,37,7.38,1596555197
mehamn,no,71.04,27.85,57.2,76,57,2.1,1596555055
mount gambier,au,-37.83,140.77,41.0,75,90,3.1,1596555198
chengde,cn,40.97,117.94,73.22000000000006,53,48,1.38,1596555198
atocha,bo,-20.93,-66.23,55.07600000000009,31,0,3.05,1596555198
jinxiang,cn,22.86,115.7,81.24800000000002,87,100,5.32,1596555198
mandalgovi,mn,45.76,106.27,68.30600000000003,43,75,2.44,1596555198
benguela,ao,-12.58,13.41,73.54400000000007,72,3,3.38,1596555199
tianpeng,cn,30.99,103.94,82.4,88,20,1.0,1596555199
kefamenanu,id,-9.45,124.48,65.192,89,54,1.35,1596555199
mantua,cu,45.17,10.78,78.00800000000001,66,54,4.02,1596555199
bend,us,44.06,-121.32,66.2,52,1,1.06,1596555003
byron bay,au,-28.65,153.62,59.0,87,0,1.5,1596554973
mizdah,ly,31.45,12.98,104.70200000000008,7,16,1.36,1596555200
omboue,ga,-1.57,9.26,76.80200000000008,70,2,5.2,1596555200
mbanza-ngungu,cd,-5.25,14.87,82.20200000000008,46,61,4.08,1596555200
kuznetsk,ru,53.12,46.6,62.45600000000003,72,65,5.06,1596555200
paragominas,br,-2.97,-47.48,91.68800000000005,38,0,2.87,1596555200
groveton,us,38.77,-77.08,73.4,88,90,5.7,1596555201
collie,au,-33.37,116.15,53.00600000000003,75,76,3.97,1596555201
asau,tv,46.43,26.4,78.00800000000001,56,0,1.53,1596555201
chichigalpa,ni,12.58,-87.03,84.2,79,40,0.62,1596555201
hofn,is,64.25,-15.21,51.8,77,100,2.94,1596555070
rocha,uy,-34.48,-54.33,74.49800000000002,65,0,5.2,1596555108
mayumba,ga,-3.43,10.66,74.46200000000006,76,87,3.92,1596555202
tias,es,28.96,-13.64,82.4,58,20,11.8,1596555202
port macquarie,au,-31.43,152.92,50.0,76,46,3.6,1596555064
cabra,ph,37.47,-4.44,98.6,29,20,4.1,1596555202
slave lake,ca,55.28,-114.77,62.6,59,1,5.7,1596555203
charagua,bo,-19.8,-63.22,82.88600000000007,30,0,6.95,1596555203
meadow lake,ca,34.8,-106.54,82.99400000000007,44,40,2.67,1596555203
cananeia,br,-25.01,-47.93,70.79000000000002,64,50,2.21,1596555203
robertson,za,36.52,-86.87,73.99400000000007,82,15,2.62,1596555203
nynashamn,se,58.9,17.95,75.00200000000008,40,28,2.6,1596555203
kumano,jp,34.34,132.59,80.6,78,5,1.5,1596555204
namibe,ao,-15.2,12.15,73.4,73,75,5.7,1596555204
islamkot,pk,24.7,70.18,90.51800000000009,64,57,6.55,1596555204
ostrovnoy,ru,68.05,39.51,63.30200000000008,69,38,6.69,1596555092
carmen,cr,18.63,-91.83,84.2,79,75,1.06,1596555114
lac du bonnet,ca,50.25,-96.06,71.99600000000005,99,0,1.57,1596555205
price,us,39.6,-110.81,84.2,11,1,3.6,1596554938
port hardy,ca,50.7,-127.42,55.4,93,90,0.75,1596555055
lompoc,us,34.64,-120.46,55.4,93,21,5.7,1596555205
mokhsogollokh,ru,61.47,128.92,57.72200000000004,60,0,0.66,1596555205
omagari,jp,39.45,140.48,69.51200000000006,88,50,0.71,1596555205
caravelas,br,-17.71,-39.25,73.41800000000009,71,74,3.75,1596555206
hasaki,jp,35.73,140.83,75.2,94,20,2.1,1596555104
road town,vg,18.42,-64.62,87.8,70,40,4.6,1596555206
saint-francois,gp,46.42,3.91,78.00800000000001,33,23,5.1,1596555118
lyndon,us,38.26,-85.6,71.00600000000003,77,90,1.5,1596555069
acapulco,mx,16.86,-99.89,86.0,79,75,0.69,1596555161
maceio,br,-9.67,-35.74,80.6,61,40,6.7,1596555207
ustye,ru,59.63,39.74,67.35200000000007,86,79,3.14,1596555207
radebeul,de,51.11,13.66,68.0,49,20,2.1,1596555207
avera,pf,33.19,-82.53,82.00400000000005,83,1,2.6,1596555207
port said,eg,31.26,32.28,87.8,55,0,6.2,1596555208
inverness,ca,57.48,-4.22,59.0,87,40,2.22,1596554977
kuminskiy,ru,58.67,66.57,73.54400000000007,91,3,2.62,1596555208
vrchlabi,cz,50.63,15.61,55.004000000000055,90,100,1.54,1596555208
doha,kw,25.29,51.53,107.00600000000003,38,0,5.1,1596555199
paamiut,gl,61.99,-49.67,44.34800000000003,91,46,6.62,1596555109
kankaanpaa,fi,61.8,22.42,69.99800000000002,72,20,3.1,1596555209
hami,cn,42.8,93.45,92.21000000000008,20,0,7.07,1596555090
reconquista,ar,-29.15,-59.65,81.91400000000003,44,0,5.69,1596555209
labuhan,id,-6.88,112.21,76.69400000000007,83,82,3.36,1596555209
margate,za,51.38,1.39,71.99600000000005,43,35,2.24,1596555070
atambua,id,-9.11,124.89,67.17200000000004,87,62,1.85,1596555210
kabale,ug,-1.25,29.99,67.60400000000006,47,68,0.81,1596555210
tuatapere,nz,-46.13,167.68,46.94000000000002,90,100,1.4,1596555059
khvorostyanka,ru,52.61,48.96,60.54800000000002,78,100,9.75,1596555210
ewa beach,us,21.32,-158.01,78.8,78,90,1.5,1596555210
soure,br,-0.72,-48.52,86.234,60,1,3.39,1596555211
wanning,cn,18.8,110.4,80.90600000000003,82,97,2.68,1596555211
taoudenni,ml,22.68,-3.98,115.61000000000008,5,1,3.2,1596555211
melioratorov,ru,57.21,65.61,80.6,57,20,1.0,1596555211
goderich,sl,43.75,-81.72,69.00800000000001,46,57,1.79,1596555211
deputatskiy,ru,69.3,139.9,37.32800000000007,89,0,0.99,1596555212
iquique,cl,-20.22,-70.14,62.6,63,90,3.1,1596554801
maple creek,ca,49.92,-109.48,68.70200000000008,51,0,4.53,1596555212
pokhara,np,28.23,83.98,76.06400000000004,68,58,2.25,1596555212
tura,ru,25.52,90.22,79.28600000000007,86,100,2.5,1596555212
bonavista,ca,48.65,-53.11,73.99400000000007,82,98,4.92,1596555213
wad madani,sd,14.4,33.52,76.82000000000006,76,100,3.89,1596555213
mananjary,mg,-21.22,48.33,65.642,79,2,2.4,1596555213
port lincoln,au,-34.73,135.87,49.98200000000001,71,1,8.63,1596555092
verkh-chebula,ru,56.03,87.62,63.194000000000074,70,22,3.47,1596555213
borba,br,-4.39,-59.59,97.17800000000007,30,0,1.8,1596555214
aswan,eg,24.09,32.91,107.74400000000007,10,0,5.57,1596555214
hithadhoo,mv,-0.6,73.08,81.89600000000004,78,55,4.74,1596555069
tottori,jp,35.5,134.23,76.92800000000007,76,64,2.3,1596555215
bugarama,tz,-2.87,30.53,74.66000000000008,37,93,2.25,1596555215
aldan,ru,58.6,125.39,53.61800000000009,71,99,1.59,1596555215
ambilobe,mg,-13.2,49.05,70.61000000000008,75,1,1.45,1596555216
ussel,fr,45.55,2.32,77.0,28,31,2.68,1596555216
nemuro,jp,43.32,145.57,66.75800000000001,92,100,5.69,1596555216
port blair,in,11.67,92.75,82.16600000000001,80,100,10.75,1596555216
vagay,ru,57.94,69.02,76.04600000000005,63,1,1.23,1596555216
wronki,pl,52.71,16.38,69.00800000000001,63,74,1.5,1596555217
banda aceh,id,5.56,95.32,81.28399999999999,76,95,4.88,1596555217
yelanskiy,ru,56.84,62.5,67.96400000000003,95,66,5.14,1596555217
nome,us,64.5,-165.41,44.99600000000005,75,1,3.74,1596555217
homer,us,59.64,-151.55,55.004000000000055,81,75,2.1,1596555218
natal,br,-5.79,-35.21,84.2,48,40,9.8,1596554936
casa nova,br,-9.42,-41.13,78.8,57,75,7.2,1596555218
bara,sd,10.37,10.73,81.734,69,84,3.66,1596555218
eureka,us,40.8,-124.16,60.008,100,98,2.46,1596555021
viedma,ar,-40.81,-63.0,57.992,49,33,1.34,1596555101
zambezi,zm,-13.54,23.1,76.64000000000001,21,0,0.74,1596555219
adamovka,ru,51.52,59.94,79.52000000000007,44,94,6.66,1596555057
southbridge,nz,42.08,-72.03,78.99800000000002,81,100,5.18,1596555007
kutum,sd,14.2,24.67,77.82800000000006,62,60,7.92,1596555220
quatre cocos,mu,-20.21,57.76,66.99199999999999,82,75,7.2,1596555220
calcutta,in,22.57,88.37,78.8,94,75,1.5,1596555115
vezirkopru,tr,41.14,35.45,78.8,41,20,8.7,1596555221
tandil,ar,-37.32,-59.13,68.93600000000006,68,66,4.47,1596555002
oistins,bb,13.07,-59.53,87.8,62,20,9.3,1596554941
meulaboh,id,4.14,96.13,79.05200000000008,81,100,1.52,1596555087
plettenberg bay,za,-34.05,23.37,52.610000000000085,75,100,5.97,1596555221
bluffton,us,32.24,-80.86,82.00400000000005,83,75,2.1,1596555222
tromso,no,69.65,18.96,57.2,87,75,3.1,1596555222
stornoway,gb,58.21,-6.39,57.992,100,75,8.2,1596555222
longyearbyen,sj,78.22,15.64,55.4,62,20,2.6,1596555222
santa rosa,bo,14.31,121.11,84.2,79,100,3.1,1596555074
osypenko,ua,46.91,36.83,78.99800000000002,100,0,0.45,1596555223
kununurra,au,-15.77,128.73,64.4,71,99,2.21,1596555223
saint-michel-des-saints,ca,46.68,-73.92,60.998000000000026,9,100,3.41,1596555223
sinnamary,gf,5.38,-52.95,84.63200000000002,69,0,4.1,1596555223
krasnoslobodsk,ru,48.71,44.57,80.00600000000003,26,7,8.0,1596555223
bay roberts,ca,47.6,-53.26,75.00200000000008,28,99,6.42,1596555224
manzanillo,mx,20.34,-77.12,88.79000000000002,61,89,0.77,1596555224
ossora,ru,59.24,163.07,49.37000000000006,79,26,1.07,1596555224
kjopsvik,no,68.1,16.37,57.2,76,75,6.2,1596555224
nabire,id,-3.37,135.48,76.80200000000008,85,83,1.85,1596555086
tanabe,jp,33.73,135.37,78.99800000000002,84,93,1.21,1596555225
faya,td,18.39,42.45,69.8,82,75,2.6,1596555097
brae,gb,60.4,-1.35,55.4,87,75,10.8,1596555225
jumla,np,29.27,82.18,63.860000000000085,67,26,1.22,1596555225
buribay,ru,51.96,58.16,77.27000000000007,47,96,7.12,1596555226
taltal,cl,-25.4,-70.48,61.37600000000009,61,24,1.76,1596555226
kaka,tm,37.35,59.61,84.47000000000006,39,7,4.3,1596555226
kavieng,pg,-2.57,150.8,82.23800000000004,81,100,7.48,1596555226
coihaique,cl,-45.58,-72.07,46.4,70,40,3.1,1596555090
kloulklubed,pw,7.04,134.26,77.0,94,90,8.1,1596555227
santa maria visitacion,gt,14.72,-91.32,80.6,83,75,0.94,1596555227
kanniyakumari,in,8.08,77.57,79.7,83,100,7.26,1596555227
rameshki,ru,57.34,36.05,70.32200000000003,75,30,2.66,1596555227
rehli,in,23.63,79.08,80.54600000000005,80,80,3.98,1596555228
skiathos,gr,39.16,23.49,80.6,65,0,1.0,1596555228
uyuni,bo,-20.46,-66.83,56.714000000000034,28,0,3.86,1596555228
mogadishu,so,2.04,45.34,77.0,69,90,6.7,1596555229
jijiga,et,9.35,42.8,61.483999999999995,76,81,6.67,1596555229
bhadrak,in,21.06,86.51,81.734,84,100,2.08,1596555229
vestmannaeyjar,is,63.44,-20.27,51.8,81,75,10.3,1596555106
manggar,id,-2.88,108.27,80.34800000000003,87,87,3.53,1596555230
magnitka,ru,55.35,59.7,69.81800000000008,69,63,2.93,1596555230
teontepec,mx,18.5,-97.52,71.00600000000003,68,38,0.45,1596555230
chernyshevskiy,ru,63.01,112.47,57.86600000000001,77,100,1.37,1596555231
muros,es,42.78,-9.06,78.00800000000001,59,32,3.58,1596555104
aykhal,ru,66.0,111.5,66.2,45,28,3.0,1596555231
kenai,us,60.55,-151.26,55.004000000000055,87,1,3.6,1596555083
naryan-mar,ru,67.67,53.09,57.95600000000003,81,62,3.11,1596555232
jackson,us,42.42,-122.83,66.2,63,1,0.56,1596554941
udachnyy,ru,66.42,112.4,66.2,45,46,3.0,1596555232
marpod,ro,45.87,24.5,82.4,37,0,7.2,1596555233
ploemeur,fr,47.73,-3.43,71.00600000000003,60,0,4.6,1596555233
clarence town,bs,-32.58,151.78,48.992,81,24,2.1,1596555233
bautar,ro,45.52,22.57,81.08600000000007,53,0,0.61,1596555233
linjiang,cn,41.81,126.91,66.95600000000003,88,89,1.39,1596555233
port-gentil,ga,-0.72,8.78,84.2,62,40,4.93,1596555234
beyneu,kz,45.32,55.2,75.70400000000005,41,28,5.19,1596555234
valkeala,fi,60.94,26.8,62.6,82,40,4.1,1596555234
seminole,us,28.71,-81.21,93.00200000000008,59,1,2.1,1596555225
abong mbang,cm,3.98,13.18,77.09000000000002,75,4,1.9,1596555234
melo,uy,-32.37,-54.18,75.308,61,0,4.71,1596555235
shirokiy,ru,49.76,129.52,62.96000000000008,77,99,4.54,1596555235
banes,cu,20.96,-75.72,87.8,66,20,2.6,1596555235
kurumkan,ru,54.3,110.3,60.96200000000006,73,32,0.45,1596555235
puerto escondido,mx,15.85,-97.07,86.0,74,75,2.6,1596555236
maneadero,mx,31.72,-116.57,64.99400000000007,92,0,1.79,1596555236
belle fourche,us,44.67,-103.85,75.00200000000008,67,68,2.24,1596555186
antropovo,ru,58.4,43.01,68.01800000000009,75,6,1.77,1596555236
gondanglegi,id,-7.75,112.01,73.5260000000001,85,37,5.27,1596555237
avanigadda,in,16.02,80.92,82.4,83,90,1.5,1596555237
shalazhi,ru,43.1,45.36,84.2,28,31,4.0,1596555237
port hawkesbury,ca,45.62,-61.35,75.00200000000008,78,90,9.3,1596555202
baturaja,id,-4.13,104.17,74.642,94,100,0.88,1596555237
turukhansk,ru,65.82,87.98,65.44400000000007,64,100,2.95,1596555238
morant bay,jm,17.88,-76.41,89.6,66,20,7.7,1596555238
aracati,br,-4.56,-37.77,90.842,34,28,4.81,1596555238
ilhabela,br,-23.78,-45.36,71.74400000000007,64,0,2.08,1596555089
kerouane,gn,9.27,-9.02,77.32400000000001,80,87,1.78,1596555238
chenzhou,cn,25.8,113.03,80.16800000000009,75,78,2.13,1596555238
fuengirola,es,36.54,-4.62,86.0,70,20,4.1,1596555239
strezhevoy,ru,60.73,77.59,78.8,78,20,1.0,1596555239
agutaya,ph,11.15,120.94,83.93000000000004,78,100,7.12,1596555239
astara,az,38.5,48.67,78.8,67,20,10.8,1596555239
westport,nz,41.14,-73.36,78.8,83,40,5.7,1596555239
qiongshan,cn,20.01,110.35,78.8,94,40,1.0,1596555180
antofagasta,cl,-23.65,-70.4,62.6,59,20,3.1,1596555240
ballarat,au,-37.57,143.85,41.0,78,14,1.79,1596555240
paris,us,48.85,2.35,78.99800000000002,33,10,2.1,1596555102
calama,cl,-22.47,-68.93,68.0,2,0,4.6,1596555240
ormara,pk,25.21,64.64,85.1,85,0,8.16,1596555241
alofi,nu,-19.06,-169.92,75.2,94,0,1.0,1596555083
samarai,pg,-10.62,150.67,77.57600000000009,85,94,7.26,1596555241
boshkengash,tj,38.47,68.81,84.2,30,0,3.0,1596555241
gizo,sb,-8.1,156.84,81.82400000000001,78,2,3.85,1596555241
seoul,kr,37.57,126.98,78.8,94,75,1.03,1596555230
requena,pe,39.49,-1.1,86.0,44,33,4.73,1596555242
beringovskiy,ru,63.05,179.32,49.31600000000001,80,95,2.53,1596555242
gwadar,pk,25.12,62.33,84.81200000000005,84,0,2.68,1596555242
lagoa,pt,39.05,-27.98,73.07600000000009,86,93,9.64,1596555243
chiredzi,zw,-21.05,31.67,72.93200000000002,32,0,1.43,1596555243
zyryanovsk,kz,49.74,84.27,62.72600000000009,77,73,0.85,1596555243
griffith,au,41.53,-87.42,68.0,68,90,5.1,1596555080
wajir,ke,1.75,40.06,91.4,36,40,4.6,1596555243
teeli,ru,51.03,90.23,58.58600000000007,63,39,0.98,1596555243
usinsk,ru,65.99,57.53,63.932000000000016,60,63,5.06,1596555244
ust-ilimsk,ru,58.0,102.66,58.208000000000006,82,88,1.18,1596555244
rio gallegos,ar,-51.62,-69.22,42.8,52,53,8.2,1596555244
amos,ca,48.57,-78.12,57.992,87,90,4.1,1596555003
lavrentiya,ru,65.58,-171.0,40.92800000000007,91,11,0.9,1596555244
kungurtug,ru,50.6,97.52,53.54600000000005,75,31,0.85,1596555245
hailey,us,43.52,-114.32,64.4,36,5,4.6,1596555185
maniitsoq,gl,65.42,-52.9,45.55400000000005,86,82,3.82,1596555087
beloha,mg,-25.17,45.05,65.66000000000008,59,0,2.13,1596555107
jeremoabo,br,-10.07,-38.48,80.06000000000009,50,81,6.59,1596555246
puerto cabezas,ni,14.04,-83.39,87.8,66,40,3.1,1596555246
prince george,ca,53.92,-122.75,57.00200000000008,81,1,2.1,1596555246
bjornevatn,no,69.67,29.98,71.6,37,23,5.7,1596555246
saint-pierre,pm,-21.34,55.48,68.0,77,40,9.8,1596555246
mlonggo,id,-6.53,110.7,78.11600000000001,80,91,2.49,1596555247
forbes,au,-33.38,148.02,35.00600000000003,71,0,1.9,1596555062
whyalla,au,-33.03,137.58,48.2,66,2,5.1,1596555036
nuuk,gl,64.18,-51.72,48.2,76,20,2.6,1596555247
pangody,ru,65.85,74.49,65.21000000000008,53,95,1.98,1596555247
najran,sa,17.49,44.13,95.0,34,75,6.2,1596555248
uhlove,ua,44.82,33.6,75.38000000000004,56,0,1.97,1596555248
atherton,au,53.52,-2.49,64.99400000000007,71,100,3.13,1596555248
lhokseumawe,id,5.18,97.15,80.31200000000005,85,89,2.56,1596554966
naliya,in,23.27,68.83,87.11600000000001,73,100,6.29,1596555071
kathu,za,7.92,98.33,87.00800000000001,94,75,2.53,1596555249
deep river,ca,46.1,-77.5,64.00400000000005,97,100,1.96,1596555078
isangel,vu,-19.55,169.27,68.52200000000003,66,93,2.37,1596555104
korla,cn,41.76,86.15,87.36800000000008,23,0,4.11,1596555091
verkhnyaya inta,ru,65.98,60.31,61.80800000000001,60,43,4.63,1596555249
gorele,tr,41.03,39.0,78.8,61,40,2.1,1596555250
sarkand,kz,45.41,79.92,70.808,36,21,2.98,1596555078
colares,pt,38.8,-9.45,82.00400000000005,51,20,9.3,1596555250
channahon,us,41.43,-88.23,69.99800000000002,49,1,6.2,1596555250
sao felix do xingu,br,-6.64,-51.99,95.66600000000001,27,80,2.71,1596555250
lahad datu,my,5.03,118.33,77.03600000000007,89,100,0.74,1596555251
kaeo,nz,-35.1,173.78,48.992,3,78,1.34,1596555251
talara,pe,-4.58,-81.27,68.0,68,31,11.3,1596555251
pecos,us,31.42,-103.49,80.6,42,1,2.6,1596555025
hamilton,bm,39.18,-84.53,73.00400000000005,78,90,3.1,1596555150
buguruslan,ru,53.66,52.44,64.43600000000006,86,100,7.74,1596555252
bilibino,ru,68.05,166.44,43.19600000000005,88,100,1.55,1596555252
deer lake,ca,49.17,-57.43,55.4,100,90,6.2,1596555228
mabaruma,gy,8.2,-59.78,83.84000000000002,81,95,1.56,1596555252
rio grande,br,-32.03,-52.1,73.4,69,0,3.6,1596555118
varzea alegre,br,-5.35,-40.38,91.59800000000003,25,48,4.95,1596555252
daru,pg,-9.08,143.21,75.97400000000002,88,96,6.01,1596555253
sioux lookout,ca,50.1,-91.92,64.4,52,5,1.0,1596555253
dubti,et,11.74,41.09,89.76200000000006,45,82,0.41,1596555253
atyrau,kz,47.12,51.88,62.6,88,75,6.0,1596555253
berlevag,no,70.86,29.09,64.4,82,84,3.1,1596555254
fort frances,ca,48.6,-93.4,66.00200000000008,63,1,3.1,1596555131
diego de almagro,cl,-26.37,-70.05,78.51200000000006,18,0,3.22,1596555104
